2120219021 小彭 1 18 四川省成都市 金融学院 12398081231 63.12 63.21 90.12 81.22
2120210098 小红 0 19 北京市房山区 光电学院 10921229012 90.21 90.12 71.22 93.12
2120191021 小明 1 21 河南省郑州市 计算机学院 10890721189 62.21 82.33 80.32 90.12
2120200971 小朱 0 21 海南省海口市 马克思主义学院 19023213333 21.22 70.32 83.09 92.11
2120212707 小李 1 18 湖南省长沙市 电信学院 11029871111 89.11 90.12 94.21 89.00
2120201897 小邓 1 19 四川省成都市 经济管理学院 11909821221 89.12 90.12 87.21 97.12
2120198711 小张 0 19 湖北省武汉市 机电学院 17921091111 87.21 89.11 89.00 86.23
2120190765 小兰 1 20 广西省桂林市 数学学院 12909871121 90.12 87.32 89.21 91.76
2120219087 小黄 0 20 广东省广州市 物理学院 19822187803 98.21 76.21 89.21 81.09
2120180975 小黑 1 21 江西省井冈山市 化学学院 17921073621 90.01 78.21 81.23 84.21
2120212086 小白 1 19 浙江省温州市 宇航学院 17921872099 98.21 78.22 80.21 88.11
2120190987 小绿 1 19 四川省成都市 宇航学院 19198762098 91.12 89.21 84.23 80.01
2120190231 小紫 0 20 四川省成都市 数学学院 17609821872 90.12 89.09 87.21 73.11
2120211021 小红黑 1 20 湖南省张家界市 光电学院 10098732109 79.12 87.12 65.11 90.32
2120181001 小蓝绿 0 21 山西省太原市 金融学院 10989013213 90.12 78.12 85.93 87.11
2120210081 小粉 1 19 陕西省宝鸡市 物理学院 10876720091 86.10 70.12 89.11 64.01
2120219873 小粉紫 0 20 陕西省西安市 经济管理学院 10109873092 98.91 61.09 72.03 90.23
2120200111 小绿黑 0 21 广州省中山市 电信学院 10989021119 98.12 76.32 79.21 83.12
2120200916 小白黑 1 20 广东省广州市 机电学院 10980218765 83.10 87.32 90.08 75.11
2120181104 小张李 0 21 江西省南京市 光电学院 12909873312 98.12 87.09 89.12 63.11
2120210319 小黑红 0 19 湖北省襄阳市 马克思主义学院 19023218756 75.01 80.32 79.23 87.00
2120200765 小绿红 1 20 湖北省武汉市 光电学院 10929876018 89.32 78.12 90.10 72.09
2120213098 小绿黑 1 19 北京市海淀区 数学学院 10987652098 98.12 75.34 80.45 87.10
2120201320 小紫黑 0 20 四川省南充市 物理学院 109876402321 90.12 85.43 87.23 93.11
2120181983 小蓝紫 1 22 四川省绵阳市 宇航学院 10987629987 90.12 87.32 81.23 80.12
